545331265
2211535594
4152021490
3857419313
1118735928
3031474347
3853601519
3345048107
1618127707
4001288224
1444061399
2700534436
1938647176
1459718602
3608868106
926825740
528719691
508226068
2332279787
357437743
1602075314
1655472598
1924131686
4125580919
555943458
4047836046
3693150918
1515015978
3523541186
753964207
1512058436
682070622
983063469
4097791860
3336260823
603291380
2554576084
139062484
590788013
3608810491
3663176645
3481732081
1011496919
2935401636
628041163
3997974947
2533467101
2287863463
2465361808
1196937660
263152482
618228754
2535860367
3089904367
1053769440
1270818139
1462199892
49766906
4229377745
445624458
3949395950
4102223196
162228180
352248782
3700326028
965464548
3236553557
1342363444
1740229486
4006226087
1475432391
2100043423
734083679
2197742340
1695047538
2684537025
2755935210
2185177924
1179365521
682202996
1985796754
1203188028
3742512741
2573038834
1722845493
971634808
2622456659
1542773708
506664990
516191900
3015858858
2439287065
1778261054
3352336947
1470361474
2832338531
2559479753
2841821596
858410480
1311022275
428366112
2896109669
3155066737
3886515076
71058140
2470506130
2067530666
4051456071
412054317
2967285661
2135914449
355555616
3602602563
474153880
3854016999
284998148
3146456620
1272449536
3258696332
1357809956
2408004272
1169903877
2024982303
908670854
596004539
2093973117
405707457
2996252628
4046960132
4147720822
575951860
939589159
2708833978
55717571
2746924577
286421233
1861824454
397029698
669358023
1506257346
3704877346
3531243366
2933661527
2622905349
368116900
2156110261
2431391811
3474127814
643492834
2046848141
2050651219
4098871894
3646162087
776264788
601915692
2904999041
1415409964
2713196605
2723327561
1734755028
2660210386
685060843
1696695228
991333011
2887926652
355829923
3478838992
1350044593
1662148297
33936139
2339721008
1474983473
4247505156
1810890882
4230469359
3824556605
1590777680
2567209342
2417817192
357588098
1072763030
221083281
4193826688
3060693271
3507036587
4290168173
190475045
2517645448
1760218717
3193169719
128362089
1769103197
892925881
947256190
2709260832
4139161719
2823074431
240058521
1070804147
256018138
4265435033
2566086640
132886430
1732614858
1531156269
3464680067
1062338472
1446462826
807102194
991836111
486345698
4001436159
2962155476
1055552064
3806163809
530634447
1199260054
2322885860
2967086352
165541046
2602929761
720722474
261882347
516450005
724102959
74264364
3922670877
1199468750
3289725323
3649888157
931165674
2019802436
4021876977
3502510138
2967514135
1401328719
4003523851
2010484636
1193997059
1633434799
97514214
2565339338
3957657546
2894016678
1929589310
2801035541
1800745304
2668236331
2986529850
1928775581
1600121495
3602001198
1784619358
2545787514
1382255229
2962687406
3456520462
2722648397
1803496712
4169241314
3369911073
2028400445
2995260591
1120588227
2150652491
1411191241
2658212262
3762611180
2135712014
3046129088
2271986780
4189417204
3307946983
2031194063
130402233
1072642248
2851150287
3735610385
1176774324
1534346835
1811506069
3045963098
155477920
3144942390
2255512886
2951403430
1527547451
1649059908
4154936758
3284288527
2541389339
145585811
1797175785
2948453535
3226070643
1408801893
2947904247
1600057684
3899278576
2898767514
4177461740
2569234448
3119259952
2986062547
1772321384
4053823941
4252030724
4003299580
2300643191
1981293392
2401972896
2740694968
3723821359
119860827
82788633
1972684048
528695484
442129346
3471622488
1955437240
2353379436
2140398425
1718858914
2063083508
2471116717
2008199866
3516254720
954526351
2877776677
3687575790
602043426
2594659959
2107415808
3577593788
516461990
2415043920
2306485079
1712731668
476603297
3206275139
2827013334
2590250486
2812650184
1088569911
947189522
2136406191
3921801185
3649385605
878801654
520593737
3537670009
2076698117
1954138704
2010106524
4213305120
98926168
2096836099
3280674575
1700414536
1118929834
4208026906
1737587431
2727407185
3269628743
1340176959
2451766135
3077745766
1216590436
2093401707
3616908530
3392448551
376606471
2783210709
3121211387
1104426906
104207014
4203747048
3894843136
944569757
2327675290
2732035996
2624426314
727877127
3885775346
2266285989
1208069072
2626514548
2088856671
377313995
210803242
2674086292
1239638868
2953664763
1250031092
2501021389
3275614031
1209654620
2343659799
1077375015
886948802
2620019787
750234011
1804407346
2573721005
2681467786
2142962922
1725785985
1075707006
4003536371
3238070278
50523176
301639922
98445419
1020910486
1048770668
3859143117
2534881069
1464443990
1398784779
3215452052
3824205361
3897245768
2572221760
830463329
1273133155
1903144850
31405789
1754881043
2725693004
4247296368
3449156334
2774203880
532027080
3045884729
3969269456
3927881311
1396189346
3634887571
1304579202
804514177
501747562
2762926733
1565792544
1704317821
1952523938
2717694201
4235447335
501808180
3229611900
4127219061
2411675069
3197133806
2457640592
3761886388
3181251106
838598981
1234274826
956298641
3927658982
3938516054
45926092
345537811
2038052403
545859992
1113021909
4288564236
2608056310
3752662765
1361900569
1131898501
1144449902
2851330182
3059709005
941335929
1755189334
2735009719
3031430472
972654907
3951369434
3446526751
3182500438
2563952972
468826491
725445503
1961389465
1100121702
1771790931
3106642511
1958481118
2001766839
1015792637
2636480802
3305812426
2132027193
2361792440
1787733376
2279169354
1564418453
402978868
4197156907
98459607
3124056061
1825423218
2709542736
126164277
328403393
4142498909
2037760164
2920983612
1885152928
1119928114
509727392
3245120598
3709435997
3270515479
593299259
1292258355
2479753716
1315718281
2948935223
2228117497
2556822053
4258677566
2424905712
3071769941
2236090781
3758344541
3921529215
2975407143
3977459716
2143907637
2646491901
2829720412
338091211
797371121
3669949523
2195972414
3859995774
674952307
328151947
1326977522
2247174685
337713550
2540638187
1353294044
3403083344
2309452547
931895727
754025892
2422603439
4074192098
1708925553
2564782074
1950477576
1684287275
3932970379
3022168138
319180413
788245471
1880822232
2852099183
85015838
2690388814
2401783256
2759328543
2156353035
2321856257
113546531
3392104900
2953570424
3467176766
2642084836
79913688
2775398201
3038209197
1773648475
1199636940
731896940
3014471427
537240645
1543562687
1404180729
3041546596
1941401424
893129051
4152501880
4141636617
995601547
4195815500
597251266
1074293395
3987648089
446892129
1445882971
1376316547
3921003777
3848659331
1386126160
4074958524
1784586175
3695548821
1554887910
3332675541
3918177058
19783207
618331028
1238370752
621964353
2009657170
3479427109
1929158896
826237777
1921657638
3767697919
2395698720
3266609847
1837717465
2614673945
2966593067
3977768775
151273777
582886597
2336222947
4007039446
2181485557
859378674
2010151268
3509377482
4181413554
858651931
3124032777
2568739419
3008565199
397902075
2213588361
1001422603
1450456599
1570340769
462267086
2755793360
2997369344
3128726607
2327314581
4077212822
187204272
1318678236
320530933
1127537916
3079574934
2058288017
2842631161
981611226
2253494612
2129921137
1916644161
887454948
284765177
4092456649
3198705744
3868393898
1551149805
3812159170
881945323
958429637
4074794250
1380730435
2385831484
4185280844
1537139801
1870538413
705625795
3683344846
3372186317
4045176696
3640845269
498614887
4096092814
3808742138
476932290
290603733
1082867195
1086266825
144451840
500142150
3835064060
3149680537
162823930
4086776536
2845760529
4066870403
942998317
253514382
1046876344
2354222762
3801200897
4080703554
3393961118
2762931280
963288192
1418628109
3161555983
826521184
597721592
748736905
1300631564
2997633536
2825240326
1541763023
3066164224
4176058068
2625018172
3389499755
586796906
1262063647
4230370533
1608201575
838573118
3174552430
530155110
949986010
2696003963
3868156215
2657180375
2295395552
1596268923
2614619257
205738439
716972326
2061961832
3142122849
270551348
4145273367
797831059
3281272195
2439616732
1600891807
2076476930
2747886517
1912500179
3016227922
1327317102
3138780399
1179312248
575909646
2521580840
2245228095
1112366106
1339644561
2052001473
2819827882
1590232273
1110881657
2364203049
2813614089
3611509338
2812860200
1308293052
1943877271
1535788138
1951235856
986984554
3943897419
2559803329
2497763196
1327397512
2020393494
4114248622
1792863343
4147491622
2370911726
528718872
2075005806
1447036026
3466237867
1368445826
1193786024
2261325039
916973917
1388652627
2025181501
3697163951
2153747778
2227953581
608630242
2089560377
3279708356
1652376298
350635866
819498779
3892459098
2172061784
2062017463
2639400306
2028299287
3830847979
1632348602
2679960362
3531104633
2906140308
1972037624
2063985589
3655858735
1625764909
540266261
1979371729
3684292920
1804844518
3416527586
585849327
2266576329
606855288
2410179597
3144800725
4060134327
1801910855
2672540905
2597058791
2195945174
2596159673
2481094534
3646315465
4248315692
3848999290
2267958426
2530456300
2696164379
3951565447
2801717196
3146989617
1689161504
1331706667
445075639
3997712637
243895096
1343082985
3218026529
2657573712
2171246903
4095313410
3795346023
1378968418
2808951130
2849351174
4278292271
1699251583
2970984028
2251996415
4236335074
2219336426
101913503
3840264082
1970752494
4172294255
1222483819
607106413
18194879
2267013842
1899867676
3700848550
3294327196
4100278651
3825063086
3441585363
2442751535
1261734323
1428899646
332660136
3688794786
2133241165
2452738609
850787591
1492108956
1397771326
3624367506
1066921749
3875752977
3228914605
2312488421
565982553
1839436591
1571775880
3740310288
2650255425
1635639258
447756373
1382203245
3982106528
2401735386
702069460
1643113513
4128602806
511278082
1646444099
3074980640
3315135099
1924816390
548846938
2604922109
2108210975
1291606941
2065463525
2862242980
576930902
3640946938
3103538264
325374193
1871319894
1356542778
301818551
1133615862
3930046545
4111938106
926916175
1512030203
2239372406
1961947997
1863374127
766248050
3869649005
1719483386
2259825370
2128170159
1024390291
3503452433
137802003
542718176
3472387206
1412435487
2436310178
1529806839
4237839594
2664697550
450839287
3224401190
3376284679
3084955304
3509948394
2772888232
1860882730
1386554835
697037593
2996827059
2514059498
913963113
855037641
1413943182
4053916848
4015814582
1143381759
3867706015
3387931508
3796229057
1293478541
1942720897
3858799590
868726170
1963966976
4093044866
4084445529
657808432
4037982092
4273367295
3722639606
2438342420
3668055448
3222728313
2491415931
1188792849
2664763371
1009354017
1865929068
1182818853
3898035027
2967968158
506092254
3550301147
3172319132
818830061
307864571
2399802639
1212512266
1127287881
2760990693
3194935879
1120026328
2262240519
1248766446
1750581737
1984616811
2734054661
2953322340
2559276864
2286716444
1165113961
1663283101
3622760646
712740056
3818863713
3875176487
2509563104
